solid axle (manipulated)
 facet normal -0.063459 -0.991197 0.116200
  outer loop
   vertex 7.477860 52.114174 -71.611450
   vertex 5.311659 52.290573 -71.289757
   vertex 3.996044 52.352478 -71.480186
  endloop
 endfacet
 facet normal 0.063459 0.991197 -0.116200
  outer loop
   vertex 7.477860 52.114174 -71.611450
   vertex 3.996044 52.352478 -71.480186
   vertex 5.311659 52.290573 -71.289757
  endloop
 endfacet
 facet normal -0.170411 0.443234 0.880059
  outer loop
   vertex 25.620489 50.668690 -66.540390
   vertex 24.968536 54.799763 -68.747208
   vertex 5.311659 52.290573 -71.289757
  endloop
 endfacet
 facet normal 0.170411 -0.443234 -0.880059
  outer loop
   vertex 24.968536 54.799763 -68.747208
   vertex 25.620489 50.668690 -66.540390
   vertex 5.311659 52.290573 -71.289757
  endloop
 endfacet
 facet normal -0.060795 -0.793376 -0.605688
  outer loop
   vertex 4.477267 46.182419 -75.035645
   vertex 4.343173 46.177597 -75.015869
   vertex 3.996044 46.507870 -75.413643
  endloop
 endfacet
 facet normal 0.060795 0.793376 0.605688
  outer loop
   vertex 4.477267 46.182419 -75.035645
   vertex 3.996044 46.507870 -75.413643
   vertex 4.343173 46.177597 -75.015869
  endloop
 endfacet
 facet normal -0.084065 0.828327 0.553902
  outer loop
   vertex 25.620489 45.221870 -70.355675
   vertex 4.345213 46.177830 -75.015907
   vertex 4.343173 46.177597 -75.015869
  endloop
 endfacet
 facet normal 0.084110 -0.828322 -0.553903
  outer loop
   vertex 4.345213 46.177830 -75.015907
   vertex 25.620489 45.221870 -70.355675
   vertex 4.343173 46.177597 -75.015869
  endloop
 endfacet
 facet normal -0.000004 0.000035 -0.000021
  outer loop
   vertex 4.477267 46.182419 -75.035645
   vertex 4.343173 46.177597 -75.015869
   vertex 4.345213 46.177830 -75.015907
  endloop
 endfacet
 facet normal -0.104453 0.860391 -0.498815
  outer loop
   vertex 25.204098 49.661125 -73.375557
   vertex 4.477267 46.182419 -75.035645
   vertex 4.345213 46.177830 -75.015907
  endloop
 endfacet
 facet normal 0.104454 -0.860395 0.498808
  outer loop
   vertex 4.345213 46.177830 -75.015907
   vertex 4.477267 46.182419 -75.035645
   vertex 25.204098 49.661125 -73.375557
  endloop
 endfacet
 facet normal 0.000004 -0.000035 0.000021
  outer loop
   vertex 4.345213 46.177830 -75.015907
   vertex 4.343173 46.177597 -75.015869
   vertex 4.477267 46.182419 -75.035645
  endloop
 endfacet
 facet normal -0.063461 -0.960289 0.271693
  outer loop
   vertex 7.477881 40.113140 -78.962158
   vertex 5.311623 40.338261 -78.672462
   vertex 3.996044 40.369225 -78.870308
  endloop
 endfacet
 facet normal 0.063461 0.960289 -0.271693
  outer loop
   vertex 7.477881 40.113140 -78.962158
   vertex 3.996044 40.369225 -78.870308
   vertex 5.311623 40.338261 -78.672462
  endloop
 endfacet
 facet normal -0.170411 0.577038 0.798741
  outer loop
   vertex 25.620489 39.489147 -73.726158
   vertex 24.968540 43.218513 -76.559471
   vertex 5.311623 40.338261 -78.672462
  endloop
 endfacet
 facet normal 0.170411 -0.577038 -0.798741
  outer loop
   vertex 24.968540 43.218513 -76.559471
   vertex 25.620489 39.489147 -73.726158
   vertex 5.311623 40.338261 -78.672462
  endloop
 endfacet
 facet normal -0.420298 0.831149 0.364061
  outer loop
   vertex 9.559516 34.660557 -81.660721
   vertex 4.440595 31.658613 -80.716942
   vertex 9.197872 34.327782 -81.318504
  endloop
 endfacet
 facet normal 0.420298 -0.831149 -0.364061
  outer loop
   vertex 4.440595 31.658613 -80.716942
   vertex 9.559516 34.660557 -81.660721
   vertex 9.197872 34.327782 -81.318504
  endloop
 endfacet
 facet normal -0.167225 0.886045 0.432388
  outer loop
   vertex 19.731142 29.459484 -83.084122
   vertex 9.559597 28.063038 -84.156364
   vertex 7.982685 27.326929 -83.257805
  endloop
 endfacet
 facet normal 0.167225 -0.886045 -0.432388
  outer loop
   vertex 7.982685 27.326929 -83.257805
   vertex 9.559597 28.063038 -84.156364
   vertex 19.731142 29.459484 -83.084122
  endloop
 endfacet
 facet normal -0.420295 0.878325 0.227813
  outer loop
   vertex 9.559566 21.288086 -86.119942
   vertex 4.440592 18.473534 -84.712585
   vertex 9.197946 21.013733 -85.729340
  endloop
 endfacet
 facet normal 0.420295 -0.878324 -0.227813
  outer loop
   vertex 4.440592 18.473534 -84.712585
   vertex 9.559566 21.288086 -86.119942
   vertex 9.197946 21.013733 -85.729340
  endloop
 endfacet
 facet normal -0.420304 0.893650 0.157273
  outer loop
   vertex 9.559615 14.378551 -87.539063
   vertex 4.440596 11.684702 -85.912506
   vertex 9.197992 14.136106 -87.127876
  endloop
 endfacet
 facet normal 0.420304 -0.893650 -0.157273
  outer loop
   vertex 4.440596 11.684702 -85.912506
   vertex 9.559615 14.378551 -87.539063
   vertex 9.197992 14.136106 -87.127876
  endloop
 endfacet
 facet normal -0.063462 -0.780156 0.622358
  outer loop
   vertex 7.477854 6.403178 -88.335075
   vertex 5.311593 6.722913 -88.155167
   vertex 3.996044 6.674850 -88.349564
  endloop
 endfacet
 facet normal 0.063462 0.780156 -0.622358
  outer loop
   vertex 7.477854 6.403178 -88.335075
   vertex 3.996044 6.674850 -88.349564
   vertex 5.311593 6.722913 -88.155167
  endloop
 endfacet
 facet normal -0.170411 0.841338 0.512943
  outer loop
   vertex 25.620489 7.855630 -83.266006
   vertex 24.968552 10.196731 -87.322510
   vertex 5.311593 6.722913 -88.155167
  endloop
 endfacet
 facet normal 0.170411 -0.841338 -0.512943
  outer loop
   vertex 24.968552 10.196731 -87.322510
   vertex 25.620489 7.855630 -83.266006
   vertex 5.311593 6.722913 -88.155167
  endloop
 endfacet
 facet normal -0.063466 -0.728219 0.682399
  outer loop
   vertex 7.477797 -0.635321 -88.564568
   vertex 5.311543 -0.302282 -88.410637
   vertex 3.996044 -0.365638 -88.600594
  endloop
 endfacet
 facet normal 0.063466 0.728219 -0.682399
  outer loop
   vertex 7.477797 -0.635321 -88.564568
   vertex 3.996044 -0.365638 -88.600594
   vertex 5.311543 -0.302282 -88.410637
  endloop
 endfacet
 facet normal -0.170411 0.879432 0.444477
  outer loop
   vertex 25.620489 1.215299 -83.626923
   vertex 24.968552 3.226708 -87.856606
   vertex 5.311543 -0.302282 -88.410637
  endloop
 endfacet
 facet normal 0.170411 -0.879432 -0.444477
  outer loop
   vertex 24.968552 3.226708 -87.856606
   vertex 25.620489 1.215299 -83.626923
   vertex 5.311543 -0.302282 -88.410637
  endloop
 endfacet
 facet normal -0.060795 -0.998026 -0.015780
  outer loop
   vertex 4.477136 -7.440985 -87.794052
   vertex 4.338285 -7.432834 -87.774628
   vertex 3.996044 -7.403814 -88.291466
  endloop
 endfacet
 facet normal 0.060795 0.998026 0.015780
  outer loop
   vertex 4.477136 -7.440985 -87.794052
   vertex 3.996044 -7.403814 -88.291466
   vertex 4.338285 -7.432834 -87.774628
  endloop
 endfacet
 facet normal -0.023174 0.945755 -0.324054
  outer loop
   vertex 25.620489 -5.432716 -83.459122
   vertex 4.345080 -7.432950 -87.775452
   vertex 4.338285 -7.432834 -87.774628
  endloop
 endfacet
 facet normal 0.023170 -0.945751 0.324066
  outer loop
   vertex 4.345080 -7.432950 -87.775452
   vertex 25.620489 -5.432716 -83.459122
   vertex 4.338285 -7.432834 -87.774628
  endloop
 endfacet
 facet normal -0.000004 0.000018 -0.000039
  outer loop
   vertex 4.477136 -7.440985 -87.794052
   vertex 4.338285 -7.432834 -87.774628
   vertex 4.345080 -7.432950 -87.775452
  endloop
 endfacet
 facet normal -0.104450 0.395620 -0.912455
  outer loop
   vertex 25.204098 -3.656564 -88.525864
   vertex 4.477136 -7.440985 -87.794052
   vertex 4.345080 -7.432950 -87.775452
  endloop
 endfacet
 facet normal 0.104450 -0.395619 0.912456
  outer loop
   vertex 4.345080 -7.432950 -87.775452
   vertex 4.477136 -7.440985 -87.794052
   vertex 25.204098 -3.656564 -88.525864
  endloop
 endfacet
 facet normal 0.000004 -0.000018 0.000039
  outer loop
   vertex 4.345080 -7.432950 -87.775452
   vertex 4.338285 -7.432834 -87.774628
   vertex 4.477136 -7.440985 -87.794052
  endloop
 endfacet
 facet normal -0.060796 -0.996125 0.063559
  outer loop
   vertex 4.477182 -14.392720 -86.925331
   vertex 4.335133 -14.382829 -86.906181
   vertex 3.996044 -14.395182 -87.424126
  endloop
 endfacet
 facet normal 0.060796 0.996125 -0.063559
  outer loop
   vertex 4.477182 -14.392720 -86.925331
   vertex 3.996044 -14.395182 -87.424126
   vertex 4.335133 -14.382829 -86.906181
  endloop
 endfacet
 facet normal -0.016563 0.904905 -0.425291
  outer loop
   vertex 25.620489 -12.046384 -82.763664
   vertex 4.345119 -14.383234 -86.907433
   vertex 4.335133 -14.382829 -86.906181
  endloop
 endfacet
 facet normal 0.016560 -0.904905 0.425292
  outer loop
   vertex 4.345119 -14.383234 -86.907433
   vertex 25.620489 -12.046384 -82.763664
   vertex 4.335133 -14.382829 -86.906181
  endloop
 endfacet
 facet normal -0.000005 0.000013 -0.000041
  outer loop
   vertex 4.477182 -14.392720 -86.925331
   vertex 4.335133 -14.382829 -86.906181
   vertex 4.345119 -14.383234 -86.907433
  endloop
 endfacet
 facet normal -0.104430 0.321745 -0.941050
  outer loop
   vertex 25.204098 -10.678400 -87.955505
   vertex 4.477182 -14.392720 -86.925331
   vertex 4.345119 -14.383234 -86.907433
  endloop
 endfacet
 facet normal 0.104429 -0.321742 0.941051
  outer loop
   vertex 4.345119 -14.383234 -86.907433
   vertex 4.477182 -14.392720 -86.925331
   vertex 25.204098 -10.678400 -87.955505
  endloop
 endfacet
 facet normal 0.000005 -0.000013 0.000041
  outer loop
   vertex 4.345119 -14.383234 -86.907433
   vertex 4.335133 -14.382829 -86.906181
   vertex 4.477182 -14.392720 -86.925331
  endloop
 endfacet
 facet normal -0.060798 -0.987924 0.142513
  outer loop
   vertex 4.477179 -21.253450 -85.507050
   vertex 4.347720 -21.243076 -85.490364
   vertex 3.996044 -21.295538 -86.004066
  endloop
 endfacet
 facet normal 0.060798 0.987924 -0.142513
  outer loop
   vertex 4.477179 -21.253450 -85.507050
   vertex 3.996044 -21.295538 -86.004066
   vertex 4.347720 -21.243076 -85.490364
  endloop
 endfacet
 facet normal -0.035557 -0.729444 0.683116
  outer loop
   vertex 25.620489 -18.583889 -81.544945
   vertex 4.345120 -21.242571 -85.489960
   vertex 4.347720 -21.243076 -85.490364
  endloop
 endfacet
 facet normal 0.035537 0.729370 -0.683196
  outer loop
   vertex 4.345120 -21.242571 -85.489960
   vertex 25.620489 -18.583889 -81.544945
   vertex 4.347720 -21.243076 -85.490364
  endloop
 endfacet
 facet normal -0.000004 0.000009 -0.000038
  outer loop
   vertex 4.477179 -21.253450 -85.507050
   vertex 4.347720 -21.243076 -85.490364
   vertex 4.345120 -21.242571 -85.489960
  endloop
 endfacet
 facet normal -0.104437 0.246008 -0.963625
  outer loop
   vertex 25.204098 -17.632723 -86.829063
   vertex 4.477179 -21.253450 -85.507050
   vertex 4.345120 -21.242571 -85.489960
  endloop
 endfacet
 facet normal 0.104436 -0.246006 0.963626
  outer loop
   vertex 4.345120 -21.242571 -85.489960
   vertex 4.477179 -21.253450 -85.507050
   vertex 25.204098 -17.632723 -86.829063
  endloop
 endfacet
 facet normal 0.000004 -0.000009 0.000038
  outer loop
   vertex 4.345120 -21.242571 -85.489960
   vertex 4.347720 -21.243076 -85.490364
   vertex 4.477179 -21.253450 -85.507050
  endloop
 endfacet
 facet normal -0.060801 -0.973473 0.220578
  outer loop
   vertex 4.477257 -27.979809 -83.548164
   vertex 4.343939 -27.967796 -83.531898
   vertex 3.996044 -28.061256 -84.040260
  endloop
 endfacet
 facet normal 0.060801 0.973473 -0.220578
  outer loop
   vertex 4.477257 -27.979809 -83.548164
   vertex 3.996044 -28.061256 -84.040260
   vertex 4.343939 -27.967796 -83.531898
  endloop
 endfacet
 facet normal -0.147014 0.987663 0.053924
  outer loop
   vertex 25.620489 -25.003902 -79.810677
   vertex 4.345200 -27.967604 -83.531990
   vertex 4.343939 -27.967796 -83.531898
  endloop
 endfacet
 facet normal 0.147004 -0.987669 -0.053852
  outer loop
   vertex 4.345200 -27.967604 -83.531990
   vertex 25.620489 -25.003902 -79.810677
   vertex 4.343939 -27.967796 -83.531898
  endloop
 endfacet
 facet normal -0.000004 0.000008 -0.000041
  outer loop
   vertex 4.477257 -27.979809 -83.548164
   vertex 4.343939 -27.967796 -83.531898
   vertex 4.345200 -27.967604 -83.531990
  endloop
 endfacet
 facet normal -0.104447 0.168743 -0.980111
  outer loop
   vertex 25.204098 -24.475567 -85.153656
   vertex 4.477257 -27.979809 -83.548164
   vertex 4.345200 -27.967604 -83.531990
  endloop
 endfacet
 facet normal 0.104448 -0.168741 0.980111
  outer loop
   vertex 4.345200 -27.967604 -83.531990
   vertex 4.477257 -27.979809 -83.548164
   vertex 25.204098 -24.475567 -85.153656
  endloop
 endfacet
 facet normal 0.000004 -0.000008 0.000041
  outer loop
   vertex 4.345200 -27.967604 -83.531990
   vertex 4.343939 -27.967796 -83.531898
   vertex 4.477257 -27.979809 -83.548164
  endloop
 endfacet
 facet normal -0.420281 0.841837 -0.338635
  outer loop
   vertex 9.559530 -34.050205 -81.917099
   vertex 6.819254 -34.758247 -80.276306
   vertex 7.413924 -34.578377 -80.567200
  endloop
 endfacet
 facet normal -0.142274 0.945268 0.293645
  outer loop
   vertex 25.204098 -31.163668 -82.939888
   vertex 7.413924 -34.578377 -80.567200
   vertex 6.819254 -34.758247 -80.276306
  endloop
 endfacet
 facet normal 0.420281 -0.841837 0.338635
  outer loop
   vertex 6.819254 -34.758247 -80.276306
   vertex 9.559530 -34.050205 -81.917099
   vertex 7.413924 -34.578377 -80.567200
  endloop
 endfacet
 facet normal 0.142274 -0.945267 -0.293646
  outer loop
   vertex 6.819254 -34.758247 -80.276306
   vertex 7.413924 -34.578377 -80.567200
   vertex 25.204098 -31.163668 -82.939888
  endloop
 endfacet
 facet normal -0.063468 -0.333445 0.940631
  outer loop
   vertex 7.477788 -41.241821 -78.378563
   vertex 5.311581 -40.875282 -78.394791
   vertex 3.996044 -41.018803 -78.534431
  endloop
 endfacet
 facet normal 0.063468 0.333445 -0.940631
  outer loop
   vertex 7.477788 -41.241821 -78.378563
   vertex 3.996044 -41.018803 -78.534431
   vertex 5.311581 -40.875282 -78.394791
  endloop
 endfacet
 facet normal -0.170411 0.985331 -0.009100
  outer loop
   vertex 25.620489 -37.330090 -74.842522
   vertex 24.968538 -37.486076 -79.523491
   vertex 5.311581 -40.875282 -78.394791
  endloop
 endfacet
 facet normal 0.170411 -0.985331 0.009100
  outer loop
   vertex 24.968538 -37.486076 -79.523491
   vertex 25.620489 -37.330090 -74.842522
   vertex 5.311581 -40.875282 -78.394791
  endloop
 endfacet
 facet normal -0.060812 -0.893777 0.444370
  outer loop
   vertex 4.477148 -46.933273 -74.568291
   vertex 4.342833 -46.917625 -74.555199
   vertex 3.996044 -47.128712 -75.027222
  endloop
 endfacet
 facet normal 0.060812 0.893777 -0.444370
  outer loop
   vertex 4.477148 -46.933273 -74.568291
   vertex 3.996044 -47.128712 -75.027222
   vertex 4.342833 -46.917625 -74.555199
  endloop
 endfacet
 facet normal -0.074363 0.839047 -0.538954
  outer loop
   vertex 25.620489 -43.158337 -71.640053
   vertex 4.345099 -46.917591 -74.555458
   vertex 4.342833 -46.917625 -74.555199
  endloop
 endfacet
 facet normal 0.074397 -0.839034 0.538969
  outer loop
   vertex 4.345099 -46.917591 -74.555458
   vertex 25.620489 -43.158337 -71.640053
   vertex 4.342833 -46.917625 -74.555199
  endloop
 endfacet
 facet normal -0.000005 -0.000005 -0.000040
  outer loop
   vertex 4.477148 -46.933273 -74.568291
   vertex 4.342833 -46.917625 -74.555199
   vertex 4.345099 -46.917591 -74.555458
  endloop
 endfacet
 facet normal -0.104457 -0.067634 -0.992227
  outer loop
   vertex 25.204098 -43.907753 -76.956535
   vertex 4.477148 -46.933273 -74.568291
   vertex 4.345099 -46.917591 -74.555458
  endloop
 endfacet
 facet normal 0.104457 0.067627 0.992227
  outer loop
   vertex 4.345099 -46.917591 -74.555458
   vertex 4.477148 -46.933273 -74.568291
   vertex 25.204098 -43.907753 -76.956535
  endloop
 endfacet
 facet normal 0.000005 0.000005 0.000040
  outer loop
   vertex 4.345099 -46.917591 -74.555458
   vertex 4.342833 -46.917625 -74.555199
   vertex 4.477148 -46.933273 -74.568291
  endloop
 endfacet
 facet normal -0.060786 -0.855646 0.513979
  outer loop
   vertex 4.477219 -52.709377 -70.603737
   vertex 4.340837 -52.692493 -70.591759
   vertex 3.996044 -52.940655 -71.045662
  endloop
 endfacet
 facet normal 0.060786 0.855646 -0.513979
  outer loop
   vertex 4.477219 -52.709377 -70.603737
   vertex 3.996044 -52.940655 -71.045662
   vertex 4.340837 -52.692493 -70.591759
  endloop
 endfacet
 facet normal -0.036304 0.676196 -0.735827
  outer loop
   vertex 25.620489 -48.713718 -67.984650
   vertex 4.345165 -52.692726 -70.592186
   vertex 4.340837 -52.692493 -70.591759
  endloop
 endfacet
 facet normal 0.036278 -0.676186 0.735837
  outer loop
   vertex 4.345165 -52.692726 -70.592186
   vertex 25.620489 -48.713718 -67.984650
   vertex 4.340837 -52.692493 -70.591759
  endloop
 endfacet
 facet normal -0.000004 -0.000006 -0.000041
  outer loop
   vertex 4.477219 -52.709377 -70.603737
   vertex 4.340837 -52.692493 -70.591759
   vertex 4.345165 -52.692726 -70.592186
  endloop
 endfacet
 facet normal -0.104475 -0.146128 -0.983734
  outer loop
   vertex 25.204098 -49.883163 -73.224785
   vertex 4.477219 -52.709377 -70.603737
   vertex 4.345165 -52.692726 -70.592186
  endloop
 endfacet
 facet normal 0.104474 0.146127 0.983734
  outer loop
   vertex 4.345165 -52.692726 -70.592186
   vertex 4.477219 -52.709377 -70.603737
   vertex 25.204098 -49.883163 -73.224785
  endloop
 endfacet
 facet normal 0.000004 0.000006 0.000041
  outer loop
   vertex 4.345165 -52.692726 -70.592186
   vertex 4.340837 -52.692493 -70.591759
   vertex 4.477219 -52.709377 -70.603737
  endloop
 endfacet
 facet normal -0.060781 -0.812115 0.580324
  outer loop
   vertex 4.477186 -58.152210 -66.192749
   vertex 4.347916 -58.135361 -66.182709
   vertex 3.996044 -58.417889 -66.614937
  endloop
 endfacet
 facet normal 0.060781 0.812115 -0.580324
  outer loop
   vertex 4.477186 -58.152210 -66.192749
   vertex 3.996044 -58.417889 -66.614937
   vertex 4.347916 -58.135361 -66.182709
  endloop
 endfacet
 facet normal -0.033383 -0.343387 0.938601
  outer loop
   vertex 25.620489 -53.961117 -63.899426
   vertex 4.345125 -58.134693 -66.182564
   vertex 4.347916 -58.135361 -66.182709
  endloop
 endfacet
 facet normal 0.033371 0.343352 -0.938614
  outer loop
   vertex 4.345125 -58.134693 -66.182564
   vertex 25.620489 -53.961117 -63.899426
   vertex 4.347916 -58.135361 -66.182709
  endloop
 endfacet
 facet normal -0.000004 -0.000009 -0.000039
  outer loop
   vertex 4.477186 -58.152210 -66.192749
   vertex 4.347916 -58.135361 -66.182709
   vertex 4.345125 -58.134693 -66.182564
  endloop
 endfacet
 facet normal -0.104446 -0.224013 -0.968973
  outer loop
   vertex 25.204098 -55.543194 -69.030083
   vertex 4.477186 -58.152210 -66.192749
   vertex 4.345125 -58.134693 -66.182564
  endloop
 endfacet
 facet normal 0.104446 0.224013 0.968973
  outer loop
   vertex 4.345125 -58.134693 -66.182564
   vertex 4.477186 -58.152210 -66.192749
   vertex 25.204098 -55.543194 -69.030083
  endloop
 endfacet
 facet normal 0.000004 0.000009 0.000039
  outer loop
   vertex 4.345125 -58.134693 -66.182564
   vertex 4.347916 -58.135361 -66.182709
   vertex 4.477186 -58.152210 -66.192749
  endloop
 endfacet
 facet normal -0.420266 0.645039 -0.638201
  outer loop
   vertex 9.559513 -63.117264 -62.338097
   vertex 6.823860 -63.133621 -60.553154
   vertex 9.216210 -62.917938 -61.910564
  endloop
 endfacet
 facet normal -0.141886 0.985459 -0.093482
  outer loop
   vertex 25.204098 -60.852066 -64.398956
   vertex 9.216210 -62.917938 -61.910564
   vertex 6.823860 -63.133621 -60.553154
  endloop
 endfacet
 facet normal 0.420266 -0.645039 0.638201
  outer loop
   vertex 6.823860 -63.133621 -60.553154
   vertex 9.559513 -63.117264 -62.338097
   vertex 9.216210 -62.917938 -61.910564
  endloop
 endfacet
 facet normal 0.141886 -0.985459 0.093482
  outer loop
   vertex 6.823860 -63.133621 -60.553154
   vertex 9.216210 -62.917938 -61.910564
   vertex 25.204098 -60.852066 -64.398956
  endloop
 endfacet
 facet normal -0.063469 0.056881 0.996361
  outer loop
   vertex 7.477726 -68.377319 -56.290585
   vertex 5.311545 -68.045670 -56.447506
   vertex 3.996044 -68.232056 -56.520664
  endloop
 endfacet
 facet normal 0.063469 -0.056881 -0.996361
  outer loop
   vertex 7.477726 -68.377319 -56.290585
   vertex 3.996044 -68.232056 -56.520664
   vertex 5.311545 -68.045670 -56.447506
  endloop
 endfacet
 facet normal -0.170411 0.904917 -0.389981
  outer loop
   vertex 25.620489 -63.401421 -54.545383
   vertex 24.968540 -65.358040 -58.800663
   vertex 5.311545 -68.045670 -56.447506
  endloop
 endfacet
 facet normal 0.170411 -0.904917 0.389981
  outer loop
   vertex 24.968540 -65.358040 -58.800663
   vertex 25.620489 -63.401421 -54.545383
   vertex 5.311545 -68.045670 -56.447506
  endloop
 endfacet
 facet normal -0.060795 -0.651946 0.755824
  outer loop
   vertex 4.477171 -72.149033 -50.573524
   vertex 4.343672 -72.129684 -50.567574
   vertex 3.996044 -72.506943 -50.920944
  endloop
 endfacet
 facet normal 0.060795 0.651946 -0.755824
  outer loop
   vertex 4.477171 -72.149033 -50.573524
   vertex 3.996044 -72.506943 -50.920944
   vertex 4.343672 -72.129684 -50.567574
  endloop
 endfacet
 facet normal -0.125833 0.755241 -0.643255
  outer loop
   vertex 25.620489 -67.534637 -49.335705
   vertex 4.345126 -72.129608 -50.567768
   vertex 4.343672 -72.129684 -50.567574
  endloop
 endfacet
 facet normal 0.125781 -0.754956 0.643600
  outer loop
   vertex 4.345126 -72.129608 -50.567768
   vertex 25.620489 -67.534637 -49.335705
   vertex 4.343672 -72.129684 -50.567574
  endloop
 endfacet
 facet normal -0.000004 -0.000017 -0.000038
  outer loop
   vertex 4.477171 -72.149033 -50.573524
   vertex 4.343672 -72.129684 -50.567574
   vertex 4.345126 -72.129608 -50.567768
  endloop
 endfacet
 facet normal -0.104445 -0.446677 -0.888578
  outer loop
   vertex 25.204098 -70.284500 -53.947090
   vertex 4.477171 -72.149033 -50.573524
   vertex 4.345126 -72.129608 -50.567768
  endloop
 endfacet
 facet normal 0.104445 0.446680 0.888576
  outer loop
   vertex 4.345126 -72.129608 -50.567768
   vertex 4.477171 -72.149033 -50.573524
   vertex 25.204098 -70.284500 -53.947090
  endloop
 endfacet
 facet normal 0.000004 0.000017 0.000038
  outer loop
   vertex 4.345126 -72.129608 -50.567768
   vertex 4.343672 -72.129684 -50.567574
   vertex 4.477171 -72.149033 -50.573524
  endloop
 endfacet
 facet normal -0.167223 0.614345 -0.771114
  outer loop
   vertex 19.730850 -74.712700 -46.785088
   vertex 9.559504 -76.062355 -45.654613
   vertex 7.982670 -75.344910 -44.741077
  endloop
 endfacet
 facet normal 0.167223 -0.614345 0.771114
  outer loop
   vertex 7.982670 -75.344910 -44.741077
   vertex 9.559504 -76.062355 -45.654613
   vertex 19.730850 -74.712700 -46.785088
  endloop
 endfacet
 facet normal -0.060795 -0.523987 0.849554
  outer loop
   vertex 4.477190 -79.248917 -38.506790
   vertex 4.343709 -79.228859 -38.503971
   vertex 3.996044 -79.657341 -38.793129
  endloop
 endfacet
 facet normal 0.060795 0.523987 -0.849554
  outer loop
   vertex 4.477190 -79.248917 -38.506790
   vertex 3.996044 -79.657341 -38.793129
   vertex 4.343709 -79.228859 -38.503971
  endloop
 endfacet
 facet normal -0.125883 0.643805 -0.754764
  outer loop
   vertex 25.620489 -74.496712 -38.015503
   vertex 4.345161 -79.228821 -38.504181
   vertex 4.343709 -79.228859 -38.503971
  endloop
 endfacet
 facet normal 0.125885 -0.643906 0.754678
  outer loop
   vertex 4.345161 -79.228821 -38.504181
   vertex 25.620489 -74.496712 -38.015503
   vertex 4.343709 -79.228859 -38.503971
  endloop
 endfacet
 facet normal -0.000004 -0.000024 -0.000034
  outer loop
   vertex 4.477190 -79.248917 -38.506790
   vertex 4.343709 -79.228859 -38.503971
   vertex 4.345161 -79.228821 -38.504181
  endloop
 endfacet
 facet normal -0.104473 -0.581634 -0.806714
  outer loop
   vertex 25.204098 -77.942291 -42.133102
   vertex 4.477190 -79.248917 -38.506790
   vertex 4.345161 -79.228821 -38.504181
  endloop
 endfacet
 facet normal 0.104473 0.581638 0.806711
  outer loop
   vertex 4.345161 -79.228821 -38.504181
   vertex 4.477190 -79.248917 -38.506790
   vertex 25.204098 -77.942291 -42.133102
  endloop
 endfacet
 facet normal 0.000004 0.000024 0.000034
  outer loop
   vertex 4.345161 -79.228821 -38.504181
   vertex 4.343709 -79.228859 -38.503971
   vertex 4.477190 -79.248917 -38.506790
  endloop
 endfacet
 facet normal -0.420302 0.347453 -0.838226
  outer loop
   vertex 9.559519 -82.333710 -33.030113
   vertex 4.440595 -81.330429 -30.047523
   vertex 6.819232 -81.657677 -31.375862
  endloop
 endfacet
 facet normal 0.000005 -0.000005 0.000010
  outer loop
   vertex 4.440595 -81.330429 -30.047523
   vertex 8.008547 -81.821304 -32.040031
   vertex 6.819232 -81.657677 -31.375862
  endloop
 endfacet
 facet normal 0.142275 -0.871419 0.469455
  outer loop
   vertex 25.204098 -81.043388 -35.807384
   vertex 6.819232 -81.657677 -31.375862
   vertex 8.008547 -81.821304 -32.040031
  endloop
 endfacet
 facet normal 0.420302 -0.347452 0.838226
  outer loop
   vertex 4.440595 -81.330429 -30.047523
   vertex 9.559519 -82.333710 -33.030113
   vertex 6.819232 -81.657677 -31.375862
  endloop
 endfacet
 facet normal -0.142275 0.871418 -0.469455
  outer loop
   vertex 8.008547 -81.821304 -32.040031
   vertex 6.819232 -81.657677 -31.375862
   vertex 25.204098 -81.043388 -35.807384
  endloop
 endfacet
 facet normal -0.000005 0.000005 -0.000010
  outer loop
   vertex 8.008547 -81.821304 -32.040031
   vertex 4.440595 -81.330429 -30.047523
   vertex 6.819232 -81.657677 -31.375862
  endloop
 endfacet
 facet normal -0.063469 0.438275 0.896597
  outer loop
   vertex 7.477750 -84.841263 -25.417440
   vertex 5.311502 -84.596275 -25.690542
   vertex 3.996044 -84.796448 -25.685814
  endloop
 endfacet
 facet normal 0.063469 -0.438275 -0.896597
  outer loop
   vertex 7.477750 -84.841263 -25.417440
   vertex 3.996044 -84.796448 -25.685814
   vertex 5.311502 -84.596275 -25.690542
  endloop
 endfacet
 facet normal -0.170411 0.683275 -0.709997
  outer loop
   vertex 25.620489 -79.577797 -25.735439
   vertex 24.968554 -83.029686 -28.900938
   vertex 5.311502 -84.596275 -25.690542
  endloop
 endfacet
 facet normal 0.170411 -0.683275 0.709997
  outer loop
   vertex 24.968554 -83.029686 -28.900938
   vertex 25.620489 -79.577797 -25.735439
   vertex 5.311502 -84.596275 -25.690542
  endloop
 endfacet
 facet normal -0.167226 0.342308 -0.924587
  outer loop
   vertex 19.731115 -85.597824 -21.067600
   vertex 9.559579 -86.526176 -19.571623
   vertex 7.982608 -85.558983 -18.928322
  endloop
 endfacet
 facet normal 0.167226 -0.342308 0.924587
  outer loop
   vertex 7.982608 -85.558983 -18.928322
   vertex 9.559579 -86.526176 -19.571623
   vertex 19.731115 -85.597824 -21.067600
  endloop
 endfacet
 facet normal -0.021679 0.958715 0.283541
  outer loop
   vertex 7.477727 -87.796249 -11.657863
   vertex 12.682913 -87.208237 -13.248081
   vertex 3.996044 -87.794510 -11.929949
  endloop
 endfacet
 facet normal 0.021679 -0.958715 -0.283541
  outer loop
   vertex 7.477727 -87.796249 -11.657863
   vertex 3.996044 -87.794510 -11.929949
   vertex 12.682913 -87.208237 -13.248081
  endloop
 endfacet
 facet normal -0.170410 0.562186 -0.809263
  outer loop
   vertex 25.620489 -82.649597 -12.805572
   vertex 15.140040 -87.078453 -13.675331
   vertex 12.682913 -87.208237 -13.248081
  endloop
 endfacet
 facet normal 0.170410 -0.562186 0.809263
  outer loop
   vertex 15.140040 -87.078453 -13.675331
   vertex 25.620489 -82.649597 -12.805572
   vertex 12.682913 -87.208237 -13.248081
  endloop
 endfacet
 facet normal -0.000012 0.000028 -0.000061
  outer loop
   vertex 10.224953 -87.338089 -12.820698
   vertex 12.682913 -87.208237 -13.248081
   vertex 15.140040 -87.078453 -13.675331
  endloop
 endfacet
 facet normal 0.024196 0.909302 0.415432
  outer loop
   vertex 10.224953 -87.338089 -12.820698
   vertex 7.477727 -87.796249 -11.657863
   vertex 12.682913 -87.208237 -13.248081
  endloop
 endfacet
 facet normal -0.024196 -0.909302 -0.415432
  outer loop
   vertex 12.682913 -87.208237 -13.248081
   vertex 7.477727 -87.796249 -11.657863
   vertex 10.224953 -87.338089 -12.820698
  endloop
 endfacet
 facet normal 0.000012 -0.000028 0.000061
  outer loop
   vertex 15.140040 -87.078453 -13.675331
   vertex 12.682913 -87.208237 -13.248081
   vertex 10.224953 -87.338089 -12.820698
  endloop
 endfacet
 facet normal -0.060752 -0.154166 0.986176
  outer loop
   vertex 4.477094 -87.977348 -4.811110
   vertex 4.345119 -87.957985 -4.816213
   vertex 3.996044 -88.464813 -4.916948
  endloop
 endfacet
 facet normal 0.060752 0.154166 -0.986176
  outer loop
   vertex 4.477094 -87.977348 -4.811110
   vertex 3.996044 -88.464813 -4.916948
   vertex 4.345119 -87.957985 -4.816213
  endloop
 endfacet
 facet normal -0.139404 0.820099 0.554982
  outer loop
   vertex 25.620489 -83.405739 -6.198566
   vertex 4.345057 -87.957809 -4.816488
   vertex 4.345119 -87.957985 -4.816213
  endloop
 endfacet
 facet normal 0.139522 -0.820437 -0.554452
  outer loop
   vertex 4.345057 -87.957809 -4.816488
   vertex 25.620489 -83.405739 -6.198566
   vertex 4.345119 -87.957985 -4.816213
  endloop
 endfacet
 facet normal -0.000004 -0.000036 -0.000022
  outer loop
   vertex 4.477094 -87.977348 -4.811110
   vertex 4.345119 -87.957985 -4.816213
   vertex 4.345057 -87.957809 -4.816488
  endloop
 endfacet
 facet normal -0.104470 -0.848681 -0.518486
  outer loop
   vertex 25.204098 -88.177071 -8.660480
   vertex 4.477094 -87.977348 -4.811110
   vertex 4.345057 -87.957809 -4.816488
  endloop
 endfacet
 facet normal 0.104469 0.848682 0.518483
  outer loop
   vertex 4.345057 -87.957809 -4.816488
   vertex 4.477094 -87.977348 -4.811110
   vertex 25.204098 -88.177071 -8.660480
  endloop
 endfacet
 facet normal 0.104523 0.848931 0.518064
  outer loop
   vertex 4.345057 -87.957809 -4.816488
   vertex 4.345119 -87.957985 -4.816213
   vertex 4.477094 -87.977348 -4.811110
  endloop
 endfacet
 facet normal -0.060787 -0.075262 0.995309
  outer loop
   vertex 4.477192 -88.081497 2.193903
   vertex 4.339791 -88.061821 2.187000
   vertex 3.996044 -88.575813 2.127140
  endloop
 endfacet
 facet normal 0.060787 0.075262 -0.995309
  outer loop
   vertex 4.477192 -88.081497 2.193903
   vertex 3.996044 -88.575813 2.127140
   vertex 4.339791 -88.061821 2.187000
  endloop
 endfacet
 facet normal -0.029372 -0.240077 -0.970310
  outer loop
   vertex 25.620489 -83.634552 0.447628
   vertex 4.345143 -88.062447 2.186993
   vertex 4.339791 -88.061821 2.187000
  endloop
 endfacet
 facet normal 0.029362 0.240076 0.970310
  outer loop
   vertex 4.345143 -88.062447 2.186993
   vertex 25.620489 -83.634552 0.447628
   vertex 4.339791 -88.061821 2.187000
  endloop
 endfacet
 facet normal -0.000004 -0.000038 -0.000019
  outer loop
   vertex 4.477192 -88.081497 2.193903
   vertex 4.339791 -88.061821 2.187000
   vertex 4.345143 -88.062447 2.186993
  endloop
 endfacet
 facet normal -0.104472 -0.887183 -0.449435
  outer loop
   vertex 25.204098 -88.586403 -1.627420
   vertex 4.477192 -88.081497 2.193903
   vertex 4.345143 -88.062447 2.186993
  endloop
 endfacet
 facet normal 0.104472 0.887183 0.449435
  outer loop
   vertex 4.345143 -88.062447 2.186993
   vertex 4.477192 -88.081497 2.193903
   vertex 25.204098 -88.586403 -1.627420
  endloop
 endfacet
 facet normal 0.000004 0.000038 0.000019
  outer loop
   vertex 4.345143 -88.062447 2.186993
   vertex 4.339791 -88.061821 2.187000
   vertex 4.477192 -88.081497 2.193903
  endloop
 endfacet
 facet normal -0.060764 0.004036 0.998144
  outer loop
   vertex 4.477167 -87.628738 9.185054
   vertex 4.341654 -87.609932 9.176728
   vertex 3.996044 -88.126808 9.157779
  endloop
 endfacet
 facet normal 0.060764 -0.004036 -0.998144
  outer loop
   vertex 4.477167 -87.628738 9.185054
   vertex 3.996044 -88.126808 9.157779
   vertex 4.341654 -87.609932 9.176728
  endloop
 endfacet
 facet normal -0.046950 -0.239496 -0.969762
  outer loop
   vertex 25.620489 -83.334610 7.090992
   vertex 4.345120 -87.610298 9.176651
   vertex 4.341654 -87.609932 9.176728
  endloop
 endfacet
 facet normal 0.046927 0.239537 0.969752
  outer loop
   vertex 4.345120 -87.610298 9.176651
   vertex 25.620489 -83.334610 7.090992
   vertex 4.341654 -87.609932 9.176728
  endloop
 endfacet
 facet normal -0.000005 -0.000039 -0.000016
  outer loop
   vertex 4.477167 -87.628738 9.185054
   vertex 4.341654 -87.609932 9.176728
   vertex 4.345120 -87.610298 9.176651
  endloop
 endfacet
 facet normal -0.104468 -0.920098 -0.377501
  outer loop
   vertex 25.204098 -88.435669 5.415929
   vertex 4.477167 -87.628738 9.185054
   vertex 4.345120 -87.610298 9.176651
  endloop
 endfacet
 facet normal 0.104468 0.920097 0.377503
  outer loop
   vertex 4.345120 -87.610298 9.176651
   vertex 4.477167 -87.628738 9.185054
   vertex 25.204098 -88.435669 5.415929
  endloop
 endfacet
 facet normal 0.000005 0.000039 0.000016
  outer loop
   vertex 4.345120 -87.610298 9.176651
   vertex 4.341654 -87.609932 9.176728
   vertex 4.477167 -87.628738 9.185054
  endloop
 endfacet
 facet normal -0.060801 0.083363 0.994663
  outer loop
   vertex 4.477137 -86.621986 16.118134
   vertex 4.345296 -86.604401 16.108601
   vertex 3.996044 -87.120636 16.130518
  endloop
 endfacet
 facet normal 0.060801 -0.083363 -0.994663
  outer loop
   vertex 4.477137 -86.621986 16.118134
   vertex 3.996044 -87.120636 16.130518
   vertex 4.345296 -86.604401 16.108601
  endloop
 endfacet
 facet normal -0.119391 0.885337 0.449361
  outer loop
   vertex 25.620489 -82.507797 13.689525
   vertex 4.345096 -86.604271 16.108292
   vertex 4.345296 -86.604401 16.108601
  endloop
 endfacet
 facet normal 0.119436 -0.885468 -0.449090
  outer loop
   vertex 4.345096 -86.604271 16.108292
   vertex 25.620489 -82.507797 13.689525
   vertex 4.345296 -86.604401 16.108601
  endloop
 endfacet
 facet normal -0.000004 -0.000039 -0.000014
  outer loop
   vertex 4.477137 -86.621986 16.118134
   vertex 4.345296 -86.604401 16.108601
   vertex 4.345096 -86.604271 16.108292
  endloop
 endfacet
 facet normal -0.104475 -0.947165 -0.303255
  outer loop
   vertex 25.204098 -87.725807 12.425037
   vertex 4.477137 -86.621986 16.118134
   vertex 4.345096 -86.604271 16.108292
  endloop
 endfacet
 facet normal 0.104474 0.947167 0.303250
  outer loop
   vertex 4.345096 -86.604271 16.108292
   vertex 4.477137 -86.621986 16.118134
   vertex 25.204098 -87.725807 12.425037
  endloop
 endfacet
 facet normal 0.101515 0.939074 0.328382
  outer loop
   vertex 4.345096 -86.604271 16.108292
   vertex 4.345296 -86.604401 16.108601
   vertex 4.477137 -86.621986 16.118134
  endloop
 endfacet
 facet normal -0.063463 0.845855 0.529624
  outer loop
   vertex 7.477821 -85.459908 23.252785
   vertex 5.311523 -85.396210 22.891474
   vertex 3.996044 -85.563660 23.001276
  endloop
 endfacet
 facet normal 0.063463 -0.845855 -0.529624
  outer loop
   vertex 7.477821 -85.459908 23.252785
   vertex 3.996044 -85.563660 23.001276
   vertex 5.311523 -85.396210 22.891474
  endloop
 endfacet
 facet normal -0.170411 0.204913 -0.963831
  outer loop
   vertex 25.620489 -81.159340 20.201508
   vertex 24.968554 -85.762650 19.338100
   vertex 5.311523 -85.396210 22.891474
  endloop
 endfacet
 facet normal 0.170411 -0.204912 0.963832
  outer loop
   vertex 24.968554 -85.762650 19.338100
   vertex 25.620489 -81.159340 20.201508
   vertex 5.311523 -85.396210 22.891474
  endloop
 endfacet
 facet normal -0.063461 0.885287 0.460694
  outer loop
   vertex 7.477835 -83.342316 29.969078
   vertex 5.311625 -83.307533 29.603842
   vertex 3.996044 -83.465729 29.726614
  endloop
 endfacet
 facet normal 0.063461 -0.885287 -0.460694
  outer loop
   vertex 7.477835 -83.342316 29.969078
   vertex 3.996044 -83.465729 29.726614
   vertex 5.311625 -83.307533 29.603842
  endloop
 endfacet
 facet normal -0.170411 0.127690 -0.977065
  outer loop
   vertex 25.620489 -79.297768 26.585772
   vertex 24.968552 -83.955116 26.090822
   vertex 5.311625 -83.307533 29.603842
  endloop
 endfacet
 facet normal 0.170411 -0.127690 0.977065
  outer loop
   vertex 24.968552 -83.955116 26.090822
   vertex 25.620489 -79.297768 26.585772
   vertex 5.311625 -83.307533 29.603842
  endloop
 endfacet
 facet normal -0.063457 0.919104 0.388871
  outer loop
   vertex 7.477832 -80.697823 36.495907
   vertex 5.311692 -80.692169 36.129070
   vertex 3.996044 -80.840096 36.264008
  endloop
 endfacet
 facet normal 0.063457 -0.919104 -0.388871
  outer loop
   vertex 7.477832 -80.697823 36.495907
   vertex 3.996044 -80.840096 36.264008
   vertex 5.311692 -80.692169 36.129070
  endloop
 endfacet
 facet normal -0.170412 0.049657 -0.984121
  outer loop
   vertex 25.620489 -76.934853 32.801949
   vertex 24.968538 -81.616783 32.678600
   vertex 5.311692 -80.692169 36.129070
  endloop
 endfacet
 facet normal 0.170412 -0.049657 0.984121
  outer loop
   vertex 24.968538 -81.616783 32.678600
   vertex 25.620489 -76.934853 32.801949
   vertex 5.311692 -80.692169 36.129070
  endloop
 endfacet
 facet normal -0.167224 -0.348437 -0.922295
  outer loop
   vertex 19.731022 -78.414162 40.274647
   vertex 9.559527 -78.133003 42.012650
   vertex 7.982607 -76.981010 41.863350
  endloop
 endfacet
 facet normal 0.167224 0.348437 0.922295
  outer loop
   vertex 7.982607 -76.981010 41.863350
   vertex 9.559527 -78.133003 42.012650
   vertex 19.731022 -78.414162 40.274647
  endloop
 endfacet
 facet normal -0.063460 0.969088 0.238415
  outer loop
   vertex 7.477835 -73.898155 48.817535
   vertex 5.311624 -73.950676 48.454426
   vertex 3.996044 -74.075371 48.611099
  endloop
 endfacet
 facet normal 0.063460 -0.969088 -0.238415
  outer loop
   vertex 7.477835 -73.898155 48.817535
   vertex 3.996044 -74.075371 48.611099
   vertex 5.311624 -73.950676 48.454426
  endloop
 endfacet
 facet normal -0.170411 -0.106854 -0.979562
  outer loop
   vertex 25.620489 -70.767807 44.574165
   vertex 24.968536 -75.410187 45.193989
   vertex 5.311624 -73.950676 48.454426
  endloop
 endfacet
 facet normal 0.170411 0.106854 0.979562
  outer loop
   vertex 24.968536 -75.410187 45.193989
   vertex 25.620489 -70.767807 44.574165
   vertex 5.311624 -73.950676 48.454426
  endloop
 endfacet
 facet normal -0.060783 0.530894 0.845256
  outer loop
   vertex 4.477221 -69.541794 54.102703
   vertex 4.340130 -69.530098 54.085499
   vertex 3.996044 -69.979042 54.342731
  endloop
 endfacet
 facet normal 0.060783 -0.530894 -0.845256
  outer loop
   vertex 4.477221 -69.541794 54.102703
   vertex 3.996044 -69.979042 54.342731
   vertex 4.340130 -69.530098 54.085499
  endloop
 endfacet
 facet normal -0.031122 -0.764502 -0.643870
  outer loop
   vertex 25.620489 -67.002678 50.055775
   vertex 4.345154 -69.530579 54.085827
   vertex 4.340130 -69.530098 54.085499
  endloop
 endfacet
 facet normal 0.031107 0.764561 0.643800
  outer loop
   vertex 4.345154 -69.530579 54.085827
   vertex 25.620489 -67.002678 50.055775
   vertex 4.340130 -69.530098 54.085499
  endloop
 endfacet
 facet normal -0.000004 -0.000041 0.000007
  outer loop
   vertex 4.477221 -69.541794 54.102703
   vertex 4.340130 -69.530098 54.085499
   vertex 4.345154 -69.530579 54.085827
  endloop
 endfacet
 facet normal -0.104458 -0.980617 0.165770
  outer loop
   vertex 25.204098 -72.218529 51.329170
   vertex 4.477221 -69.541794 54.102703
   vertex 4.345154 -69.530579 54.085827
  endloop
 endfacet
 facet normal 0.104458 0.980616 -0.165771
  outer loop
   vertex 4.345154 -69.530579 54.085827
   vertex 4.477221 -69.541794 54.102703
   vertex 25.204098 -72.218529 51.329170
  endloop
 endfacet
 facet normal 0.000004 0.000041 -0.000007
  outer loop
   vertex 4.345154 -69.530579 54.085827
   vertex 4.340130 -69.530098 54.085499
   vertex 4.477221 -69.541794 54.102703
  endloop
 endfacet
 facet normal -0.060774 0.596349 0.800421
  outer loop
   vertex 4.477207 -65.023476 59.456779
   vertex 4.351037 -65.014015 59.440151
   vertex 3.996044 -65.440292 59.730793
  endloop
 endfacet
 facet normal 0.060774 -0.596349 -0.800421
  outer loop
   vertex 4.477207 -65.023476 59.456779
   vertex 3.996044 -65.440292 59.730793
   vertex 4.351037 -65.014015 59.440151
  endloop
 endfacet
 facet normal -0.015438 0.916403 0.399958
  outer loop
   vertex 25.620489 -62.813931 55.220913
